-9.786 52.976 1.000
-9.778 55.686 1.000
-9.429 37.860 1.000
-8.963 43.081 1.000
-8.691 57.909 1.000
-8.442 46.479 1.000
-7.923 47.473 1.000
-7.821 55.123 1.000
-7.461 -999.000 1.000
-7.359 41.445 1.000
-7.325 47.649 1.000
-7.158 -999.000 1.000
-6.946 47.191 1.000
-6.907 53.083 1.000
-6.584 51.493 1.000
-6.412 52.063 1.000
-4.932 53.236 1.000
-4.262 -999.000 1.000
-4.170 54.751 1.000
-3.818 63.327 1.000
-3.814 53.545 1.000
-3.151 57.468 1.000
-2.978 52.569 1.000
-2.470 53.715 1.000
-2.044 59.631 1.000
-2.026 63.333 1.000
-1.909 73.059 1.000
-1.820 nan    1.000
-1.079 65.669 1.000
-0.919 56.507 1.000
0.052 62.921 1.000
0.857 57.395 1.000
0.919 52.287 1.000
1.567 63.241 1.000
1.845 65.028 1.000
3.043 63.911 1.000
3.165 65.324 1.000
4.563 77.319 1.000
5.016 70.567 1.000
6.245 84.735 1.000
6.441 80.971 1.000
6.460 74.013 1.000
6.992 68.038 1.000
7.738 73.939 1.000
7.927 64.606 1.000
8.209 77.995 1.000
8.822 65.991 1.000
9.818 77.808 1.000
9.830 92.071 1.000
9.855 79.726 1.000
